0 299
1 246
2 685
3 50
4 288
5 887
6 926
7 550
8 53
9 218
10 990
11 952
12 184
13 379
14 407
15 288
16 767
17 951
18 793
19 935
20 982
21 317
22 768
23 575
24 793
25 493
26 916
27 59
28 75
29 323
30 134
31 769
32 195
33 53
34 948
35 542
36 51
37 987
38 907
39 274
40 188
41 538
42 615
43 123
44 897
45 665
46 765
47 645
48 773
49 118
50 92
51 433
52 408
53 84
54 690
55 229
56 665
57 839
58 334
59 968
60 194
61 338
62 289
63 194
64 120
65 720
66 376
67 163
68 286
69 605
70 670
71 526
72 693
73 518
74 798
75 244
76 386
77 116
78 417
79 826
80 480
81 698
82 193
83 241
84 213
85 577
86 535
87 616
88 20
89 273
90 199
91 388
92 625
93 477
94 764
95 217
96 416
97 796
98 770
99 496
100 932
101 697
102 116
103 249
104 30
105 412
106 164
107 757
108 793
109 877
110 711
111 467
112 82
113 214
114 532
115 245
116 371
117 653
118 931
119 999
120 9
121 337
122 640
123 274
124 489
125 1009
126 855
127 960
128 672
129 208
130 24
131 271
132 944
133 329
134 165
135 991
136 987
137 167
138 133
139 565
140 1006
141 630
142 449
143 236
144 779
145 744
146 206
147 474
148 7
149 670
150 540
151 977
152 949
153 158
154 423
155 274
156 1020
157 566
158 523
159 257
160 343
161 628
162 511
163 795
164 543
165 286
166 630
167 964
168 320
169 346
170 871
171 545
172 922
173 562
174 443
175 670
176 424
177 22
178 130
179 647
180 861
181 11
182 322
183 217
184 310
185 786
186 899
187 613
188 21
189 913
190 920
191 524
192 236
193 252
194 146
195 609
196 752
197 623
198 912
199 666
200 373
201 913
202 962
203 834
204 857
205 223
206 432
207 28
208 200
209 915
210 993
211 187
212 348
213 248
214 413
215 683
216 870
217 772
218 108
219 412
220 456
221 758
222 484
223 351
224 851
225 173
226 1015
227 515
228 147
229 695
230 707
231 792
232 212
233 333
234 836
235 298
236 424
237 354
238 888
239 659
240 83
241 719
242 602
243 104
244 725
245 102
246 416
247 521
248 146
249 99
250 674
251 203
252 902
253 270
254 724
255 51
256 297
257 208
258 601
259 485
260 366
261 768
262 586
263 747
264 365
265 187
266 81
267 213
268 605
269 836
270 187
271 433
272 18
273 675
274 633
275 23
276 731
277 140
278 1013
279 1016
280 747
281 548
282 49
283 77
284 112
285 847
286 3
287 416
288 139
289 179
290 548
291 223
292 288
293 625
294 515
295 391
296 734
297 767
298 260
299 775
300 150
301 356
302 742
303 390
304 701
305 699
306 246
307 614
308 343
309 61
310 273
311 323
312 973
313 78
314 360
315 460
316 664
317 353
318 349
319 171
320 938
321 659
322 559
323 784
324 322
325 296
326 754
327 1005
328 377
329 900
330 627
331 497
332 861
333 810
334 125
335 312
336 531
337 674
338 403
339 606
340 738
341 893
342 966
343 913
344 619
345 712
346 923
347 145
348 7
349 351
350 768
351 343
352 432
353 776
354 108
355 204
356 948
357 1016
358 242
359 495
360 1000
361 370
362 380
363 307
364 30
365 418
366 568
367 14
368 77
369 615
370 667
371 776
372 821
373 223
374 294
375 177
376 934
377 1022
378 123
379 429
380 577
381 1
382 670
383 879
384 719
385 1
386 92
387 887
388 693
389 345
390 58
391 283
392 61
393 154
394 968
395 6
396 256
397 548
398 167
399 182
400 314
401 415
402 895
403 739
404 814
405 417
406 343
407 714
408 961
409 711
410 360
411 994
412 1012
413 304
414 126
415 981
416 790
417 286
418 924
419 764
420 802
421 921
422 106
423 721
424 667
425 321
426 369
427 495
428 474
429 280
430 208
431 667
432 128
433 278
434 267
435 259
436 390
437 912
438 801
439 332
440 881
441 24
442 126
443 390
444 485
445 248
446 529
447 156
448 829
449 23
450 812
451 71
452 412
453 340
454 20
455 554
456 225
457 738
458 426
459 490
460 430
461 364
462 596
463 217
464 627
465 958
466 629
467 692
468 800
469 414
470 472
471 1022
472 649
473 568
474 798
475 493
476 45
477 260
478 935
479 882
480 965
481 641
482 672
483 946
484 400
485 583
486 440
487 861
488 947
489 169
490 313
491 654
492 725
493 840
494 191
495 739
496 661
497 516
498 454
499 440
500 799
501 182
502 117
503 958
504 126
505 88
506 247
507 908
508 727
509 493
510 197
511 720
512 965
513 152
514 101
515 237
516 665
517 898
518 670
519 99
520 504
521 590
522 591
523 736
524 283
525 580
526 828
527 979
528 386
529 985
530 336
531 674
532 737
533 668
534 143
535 408
536 457
537 240
538 261
539 519
540 664
541 1013
542 282
543 2
544 86
545 343
546 548
547 727
548 706
549 821
550 435
551 872
552 483
553 549
554 12
555 51
556 422
557 888
558 143
559 685
560 553
561 260
562 795
563 424
564 732
565 731
566 806
567 582
568 87
569 696
570 509
571 470
572 692
573 48
574 93
575 920
576 684
577 319
578 537
579 504
580 360
581 282
582 390
583 1003
584 24
585 662
586 151
587 507
588 1012
589 712
590 825
591 876
592 488
593 774
594 99
595 12
596 386
597 542
598 408
599 561
600 687
601 387
602 177
603 593
604 679
605 606
606 832
607 489
608 363
609 112
610 196
611 187
612 169
613 157
614 407
615 966
616 983
617 427
618 320
619 450
620 855
621 744
622 723
623 369
624 546
625 477
626 833
627 40
628 20
629 959
630 195
631 693
632 14
633 946
634 571
635 221
636 252
637 993
638 269
639 623
640 659
641 388
642 994
643 793
644 744
645 555
646 582
647 758
648 134
649 719
650 87
651 885
652 433
653 162
654 30
655 112
656 222
657 772
658 593
659 860
660 412
661 177
662 63
663 597
664 459
665 801
666 795
667 793
668 187
669 909
670 576
671 832
672 750
673 222
674 295
675 556
676 926
677 62
678 413
679 383
680 320
681 902
682 40
683 230
684 592
685 259
686 138
687 324
688 1012
689 981
690 839
691 948
692 982
693 883
694 500
695 92
696 115
697 363
698 902
699 685
700 554
701 753
702 622
703 593
704 260
705 777
706 486
707 893
708 416
709 730
710 720
711 815
712 446
713 915
714 333
715 82
716 404
717 296
718 861
719 296
720 183
721 251
722 445
723 952
724 462
725 1017
726 696
727 632
728 440
729 764
730 515
731 102
732 498
733 559
734 752
735 859
736 995
737 986
738 453
739 726
740 213
741 368
742 14
743 81
744 817
745 1
746 950
747 267
748 18
749 951
750 162
751 636
752 244
753 29
754 45
755 117
756 578
757 663
758 989
759 5
760 10
761 148
762 286
763 517
764 538
765 556
766 97
767 870
768 948
769 216
770 1
771 700
772 380
773 547
774 678
775 436
776 105
777 207
778 844
779 167
780 374
781 54
782 407
783 95
784 165
785 315
786 392
787 550
788 787
789 879
790 251
791 125
792 207
793 326
794 567
795 256
796 853
797 610
798 907
799 439
800 506
801 835
802 337
803 331
804 983
805 599
806 171
807 112
808 308
809 534
810 123
811 582
812 401
813 779
814 828
815 1011
816 598
817 91
818 991
819 59
820 501
821 131
822 728
823 625
824 375
825 551
826 406
827 43
828 238
829 234
830 364
831 416
832 936
833 320
834 763
835 579
836 265
837 605
838 368
839 657
840 913
841 159
842 219
843 257
844 769
845 826
846 1023
847 12
848 328
849 193
850 377
851 18
852 279
853 828
854 304
855 227
856 313
857 803
858 590
859 40
860 605
861 968
862 392
863 648
864 1019
865 156
866 597
867 832
868 334
869 1015
870 225
871 199
872 91
873 29
874 168
875 277
876 188
877 128
878 568
879 424
880 17
881 893
882 299
883 763
884 504
885 396
886 325
887 899
888 1012
889 144
890 6
891 468
892 690
893 427
894 705
895 667
896 189
897 900
898 573
899 139
900 274
901 87
902 262
903 60
904 528
905 596
906 388
907 714
908 424
909 204
910 166
911 317
912 448
913 307
914 619
915 604
916 57
917 991
918 346
919 294
920 848
921 919
922 180
923 7
924 569
925 590
926 94
927 761
928 853
929 458
930 230
931 722
932 221
933 484
934 698
935 31
936 704
937 937
938 391
939 220
940 324
941 903
942 497
943 580
944 712
945 573
946 576
947 813
948 473
949 332
950 329
951 344
952 329
953 998
954 998
955 191
956 668
957 164
958 755
959 22
960 182
961 283
962 931
963 676
964 59
965 568
966 776
967 950
968 320
969 973
970 815
971 955
972 688
973 230
974 785
975 31
976 372
977 491
978 977
979 700
980 162
981 578
982 288
983 433
984 226
985 799
986 976
987 657
988 630
989 272
990 119
991 344
992 619
993 796
994 588
995 573
996 833
997 1010
998 950
999 315
1000 246
1001 64
1002 890
1003 422
1004 200
1005 331
1006 548
1007 508
1008 430
1009 43
1010 69
1011 381
1012 892
1013 120
1014 210
1015 421
1016 171
1017 444
1018 255
1019 177
1020 910
1021 235
1022 403
864 703
499 679
430 901
660 83
98 397
977 502
674 784
432 611
72 40
827 528
936 382
356 510
448 887
244 72
323 354
260 754
1017 161
771 491
821 946
501 312
690 933
345 760
145 11
528 126
780 225
568 206
168 555
857 235
632 531
507 507
284 966
93 137
431 644
314 184
14 700
168 669
107 8
530 287
382 612
136 187
103 8
642 974
466 399
178 834
811 327
1007 506
282 1007
410 67
751 466
835 539
863 445
450 489
901 552
225 195
956 679
514 858
540 104
832 80
799 706
722 715
515 696
604 559
4 727
186 943
663 740
351 283
411 659
850 299
454 448
132 942
378 94
114 547
97 310
520 255
525 605
408 1000
677 625
170 42
128 1002
385 850
250 790
434 540
404 1014
319 952
427 914
294 670
431 400
196 212
1015 385
256 253
672 642
372 281
987 482
34 459
284 428
842 730
522 820
341 935
59 934
879 168
194 873
980 827
130 892
504 801
759 677
580 210
638 350
866 912
648 0
950 985
75 30
38 194
988 779
789 53
752 101
580 366
480 164
79 259
830 922
940 925
718 567
448 4
930 40
80 803
226 506
841 408
214 350
638 774
233 284
346 484
386 637
632 305
657 948
696 512
399 191
875 799
787 230
51 807
480 278
796 32
35 272
1005 1022
219 443
747 440
485 667
601 434
412 883
694 135
148 130
420 341
287 965
796 901
86 982
60 660
860 369
612 525
141 404
570 322
172 581
165 771
697 122
122 999
291 950
796 746
136 485
734 715
153 280
825 546
19 108
309 197
878 768
691 672
374 612
367 869
513 838
426 251
58 734
76 333
417 581
566 907
557 300
824 203
933 734
299 120
316 447
263 52
113 421
772 713
202 982
493 777
614 695
805 914
980 742
960 2
710 9
837 815
641 247
573 809
881 33
822 175
100 536
147 780
237 79
296 496
852 796
64 530
210 527
392 274
487 988
226 93
622 816
678 942
171 869
480 779
29 410
820 12
572 9
295 287
238 867
335 506
421 417
62 195
872 293
247 500
1015 808
219 180
530 248
16 624
944 613
237 992
554 523
555 181
1020 878
121 386
35 523
934 478
953 488
553 684
583 955
488 450
586 145
988 734
300 417
873 398
53 717
428 293
931 348
952 529
863 337
306 938
366 416
221 279
617 780
799 472
276 956
387 174
456 645
25 123
651 104
959 104
318 387
709 460
421 127
179 582
602 713
466 783
57 531
151 627
161 219
880 629
309 222
939 751
885 982
925 740
282 906
873 217
2 51
1009 765
399 418
73 818
316 749
81 422
23 899
130 417
123 499
117 59
743 950
412 588
996 863
74 219
157 113
509 360
979 760
752 636
343 49
562 8
607 883
961 680
82 797
6 823
437 989
1017 366
598 814
675 230
615 365
199 437
553 561
655 468
146 72
548 72
12 188
210 55
912 169
264 751
867 984
111 644
434 105
291 349
644 828
64 986
605 721
581 909
212 444
1004 840
568 67
584 66
668 659
622 813
8 959
922 364
663 445
875 621
336 790
582 771
778 570
804 755
529 483
945 590
697 688
470 614
356 668
558 493
432 431
374 442
390 975
895 51
997 362
713 577
802 11
989 925
425 652
818 1021
429 653
825 808
86 950
1014 860
137 188
977 225
573 23
288 275
844 247
560 622
520 849
434 1015
607 740
594 589
401 300
1011 210
792 309
114 856
575 529
277 567
939 860
864 328
942 822
1015 775
400 902
665 593
46 418
427 650
727 467
995 62
240 387
806 962
847 83
222 829
975 843
466 994
619 282
321 121
972 211
833 679
520 757
894 812
682 567
792 374
326 941
490 381
705 348
230 50
218 750
663 155
748 16
831 147
881 401
395 48
184 809
896 230
455 554
1010 360
593 614
630 134
865 664
760 472
900 716
747 774
194 962
113 162
729 707
765 240
956 519
917 40
588 324
92 335
149 317
370 722
492 47
71 762
123 635
252 605
101 788
632 235
696 779
339 30
165 683
372 158
372 464
524 637
249 940
543 891
575 409
335 700
887 70
263 586
628 65
63 440
301 356
65 317
337 572
745 148
54 512
946 879
431 199
350 389
22 935
139 22
439 670
500 289
580 272
13 593
843 75
592 814
991 23
658 276
130 745
981 175
432 175
978 612
452 43
863 654
704 145
562 953
887 984
794 86
751 545
48 255
566 782
390 629
94 865
240 556
20 68
149 382
393 480
638 157
786 837
538 676
835 290
600 527
589 4
671 608
590 120
717 902
96 180
162 768
220 410
585 469
609 923
464 833
561 499
644 135
754 646
185 704
577 285
338 512
887 907
585 213
854 89
474 861
346 135
722 430
120 410
729 869
901 178
951 974
878 1004
726 772
727 315
180 889
802 410
205 312
669 996
118 482
344 390
231 319
340 564
672 801
521 738
821 701
470 704
346 776
867 588
537 773
457 855
737 920
16 263
224 854
585 648
373 168
673 435
577 10
794 211
394 340
617 736
739 75
803 998
63 248
1014 962
537 439
594 555
1001 921
69 669
178 573
747 251
256 834
838 219
465 441
819 510
570 376
72 374
491 300
505 131
711 732
347 962
560 745
568 946
273 210
565 545
483 370
613 158
871 529
16 849
695 945
31 276
340 362
875 926
942 845
657 353
918 91
1009 113
400 293
10 688
442 873
120 155
813 649
766 28
366 13
327 119
21 370
257 620
708 344
868 477
199 805
208 192
435 511
866 359
940 444
1016 802
130 794
677 815
462 26
764 132
623 223
1011 69
408 192
115 470
543 221
446 991
219 391
1002 345
575 886
948 508
620 160
456 556
989 577
187 769
649 570
801 584
519 874
604 378
398 732
983 868
239 65
49 265
559 20
678 882
200 221
720 825
460 768
808 975
208 614
570 28
793 559
604 96
561 33
905 824
510 934
377 650
603 869
748 958
765 571
9 449
971 242
347 248
991 251
611 373
796 810
905 922
662 352
514 285
560 86
863 924
315 640
176 689
447 949
917 588
262 704
847 995
209 292
547 211
267 16
700 301
136 897
374 664
902 847
274 862
452 960
73 870
915 884
626 131
284 110
32 278
387 63
717 493
88 981
982 873
957 55
1014 713
428 171
489 595
897 425
486 296
85 531
58 162
779 172
385 501
495 766
215 997
169 567
623 925
284 1014
1008 417
842 605
577 652
435 873
889 256
408 187
300 789
56 474
41 487
742 336
905 37
518 205
451 928
415 151
5 595
973 497
433 180
924 242
556 585
769 886
776 878
867 564
373 711
52 237
7 905
788 874
93 777
102 757
546 557
578 283
783 830
818 585
330 184
224 559
375 9
713 731
280 555
775 161
869 273
613 378
616 397
929 951
530 594
659 980
57 487
463 195
248 762
14 163
778 414
952 740
452 50
118 746
23 292
663 564
815 768
973 846
880 129
102 316
102 979
448 214
481 417
259 277
947 921
908 431
379 53
869 198
227 679
377 457
877 525
38 665
706 542
694 685
578 143
347 627
705 118
963 590
623 391
242 156
772 286
989 78
656 917
461 433
26 340
235 61
407 875
866 508
889 201
165 123
84 678
782 392
377 126
774 240
756 433
984 26
422 317
76 558
17 263
593 402
648 501
577 642
101 521
339 174
744 310
180 779
282 427
451 50
769 254
562 910
969 55
669 108
129 303
118 1016
661 759
28 668
839 634
429 1004
408 690
965 853
996 346
655 266
0 170
729 1023
281 278
724 574
958 1001
724 952
612 724
317 822
651 841
838 46
316 602
882 738
856 967
866 377
550 209
141 708
49 867
73 981
640 959
33 92
564 911
421 446
299 177
238 227
713 885
294 124
741 358
350 449
799 572
916 605
997 609
751 478
135 443
961 100
74 442
776 629
82 309
184 897
856 456
979 454
929 435
746 227
504 831
170 946
811 970
442 162
474 443
557 8
151 595
667 267
730 278
309 852
438 516
81 521
881 1009
802 1009
155 893
19 792
900 26
726 611
351 809
913 846
252 1017
623 391
73 107
934 651
83 568
956 168
344 744
24 947
736 665
740 214
968 237
168 624
393 673
556 22
976 618
223 1008
563 417
22 284
444 388
651 498
506 256
438 662
303 174
565 696
821 224
637 190
33 733
521 794
418 649
499 270
590 1006
1002 157
111 896
547 563
869 722
826 460
98 585
803 425
166 965
185 800
798 413
282 895
448 562
901 893
950 573
996 525
745 728
606 242
960 948
281 843
708 134
701 191
78 152
508 74
904 692
249 209
814 717
86 654
974 738
673 1010
78 330
859 28
987 492
228 441
684 46
184 1007
224 911
307 48
861 420
210 286
525 414
421 1011
816 909
767 522
780 506
670 1000
128 951
560 310
984 590
138 268
696 839
700 1003
223 239
562 408
246 49
427 168
366 190
744 923
250 529
121 899
648 42
560 437
177 129
754 753
409 117
67 637
165 446
19 728
707 341
336 379
1021 531
552 545
768 666
574 150
5 881
255 533
216 899
314 645
515 670
246 446
262 233
188 643
13 117
799 806
675 415
269 258
86 481
875 903
638 238
323 601
716 595
757 206
685 827
984 480
987 798
825 856
116 366
526 445
659 424
942 724
583 478
1014 91
145 624
248 773
747 942
64 899
663 491
97 466
609 824
656 558
39 227
442 783
682 308
989 378
827 438
26 258
692 723
392 685
418 679
1018 119
960 719
